## date = '2021-02-27 20:01:09.014810'
## execstr = '/home/jamesk/.local/bin/psite Metagene/Outputs/refGene_orfs_rois.txt ../RiboScore/Inputs/Offsets/SRR2433794 --min_length 25 --max_length 34 --aggregate --constrain 10 15 --default 12 --require_upstream --count_files ../RiboScore/Inputs/Bam_Files/SRR2433794.bam'
## args = {  
##          'aggregate'        : True,,
##          'cmap'             : None,,
##          'constrain'        : [10, 15],,
##          'count_files'      : ['../RiboScore/Inputs/Bam_Files/SRR2433794.bam'],,
##          'countfile_format' : 'BAM',,
##          'default'          : 12,,
##          'dpi'              : 150,,
##          'figformat'        : 'png',,
##          'figsize'          : None,,
##          'keep'             : False,,
##          'mapping'          : 'fiveprime',,
##          'max_length'       : 34,,
##          'min_counts'       : 10,,
##          'min_length'       : 25,,
##          'nibble'           : 0,,
##          'norm_region'      : None,,
##          'normalize_over'   : None,,
##          'offset'           : 0,,
##          'outbase'          : '../RiboScore/Inputs/Offsets/SRR2433794',,
##          'require_upstream' : True,,
##          'roi_file'         : 'Metagene/Outputs/refGene_orfs_rois.txt',,
##          'stylesheet'       : None,,
##          'sum'              : None,,
##          'title'            : None,,
##          'warnlevel'        : 0,
##        }
x	25-mers	26-mers	27-mers	28-mers	29-mers	30-mers	31-mers	32-mers	33-mers	34-mers
-50	1.0	4.0	63.0	227.0	768.0	292.0	4.0	nan	nan	nan
-49	1.0	2.0	81.0	331.0	1063.0	737.0	0.0	nan	nan	nan
-48	2.0	35.0	123.0	775.0	2331.0	772.0	1.0	nan	nan	nan
-47	0.0	15.0	73.0	377.0	864.0	500.0	0.0	nan	nan	nan
-46	0.0	24.0	115.0	631.0	1443.0	604.0	2.0	nan	nan	nan
-45	1.0	74.0	215.0	1068.0	2324.0	1057.0	1.0	nan	nan	nan
-44	1.0	28.0	153.0	293.0	1270.0	438.0	11.0	nan	nan	nan
-43	0.0	11.0	116.0	463.0	1283.0	675.0	2.0	nan	nan	nan
-42	1.0	53.0	311.0	852.0	2897.0	1317.0	7.0	0.0	nan	nan
-41	0.0	25.0	94.0	425.0	1194.0	546.0	4.0	0.0	nan	nan
-40	1.0	18.0	127.0	437.0	1201.0	554.0	5.0	0.0	nan	nan
-39	0.0	10.0	133.0	738.0	2242.0	924.0	6.0	0.0	nan	nan
-38	1.0	9.0	95.0	479.0	1100.0	354.0	6.0	0.0	nan	nan
-37	2.0	7.0	105.0	433.0	1348.0	550.0	6.0	0.0	nan	nan
-36	3.0	41.0	142.0	737.0	2490.0	1010.0	6.0	0.0	nan	nan
-35	0.0	22.0	113.0	398.0	1201.0	514.0	2.0	0.0	nan	nan
-34	1.0	26.0	56.0	253.0	1362.0	1477.0	16.0	0.0	nan	nan
-33	1.0	26.0	127.0	789.0	2920.0	983.0	37.0	0.0	nan	nan
-32	0.0	28.0	158.0	648.0	1498.0	643.0	11.0	0.0	nan	nan
-31	0.0	24.0	151.0	451.0	1268.0	595.0	5.0	0.0	nan	nan
-30	1.0	85.0	332.0	1105.0	3394.0	1349.0	1.0	0.0	nan	nan
-29	2.0	35.0	171.0	913.0	2077.0	547.0	45.0	0.0	nan	nan
-28	0.0	31.0	220.0	841.0	1674.0	558.0	64.0	0.0	nan	nan
-27	3.0	38.0	390.0	1110.0	1914.0	3070.0	50.0	0.0	nan	nan
-26	1.0	47.0	181.0	284.0	2271.0	667.0	15.0	0.0	nan	nan
-25	0.0	33.0	60.0	1026.0	2349.0	1284.0	30.0	0.0	nan	nan
-24	2.0	25.0	361.0	1245.0	3592.0	1897.0	31.0	0.0	nan	nan
-23	0.0	32.0	179.0	700.0	1754.0	913.0	9.0	0.0	nan	nan
-22	2.0	18.0	167.0	586.0	1872.0	1178.0	3.0	0.0	nan	nan
-21	6.0	105.0	337.0	1679.0	4234.0	1304.0	2.0	1.0	nan	nan
-20	0.0	88.0	142.0	681.0	1443.0	585.0	5.0	0.0	nan	nan
-19	0.0	34.0	155.0	534.0	1432.0	866.0	15.0	0.0	nan	nan
-18	2.0	38.0	197.0	759.0	2498.0	1175.0	19.0	0.0	nan	nan
-17	1.0	36.0	86.0	499.0	1284.0	707.0	2.0	0.0	nan	nan
-16	0.0	29.0	103.0	406.0	1464.0	746.0	10.0	0.0	nan	nan
-15	1.0	46.0	237.0	1288.0	4127.0	1953.0	21.0	0.0	nan	nan
-14	13.0	48.0	211.0	1058.0	2538.0	2332.0	109.0	1.0	nan	nan
-13	18.0	63.0	313.0	1028.0	4692.0	8376.0	617.0	0.0	nan	nan
-12	27.0	282.0	1503.0	11505.0	43338.0	18576.0	354.0	7.0	nan	nan
-11	9.0	145.0	985.0	3989.0	3226.0	754.0	93.0	2.0	nan	nan
-10	18.0	238.0	1358.0	2180.0	3115.0	2505.0	142.0	0.0	nan	nan
-9	42.0	326.0	1180.0	5622.0	18238.0	7040.0	109.0	2.0	nan	nan
-8	43.0	94.0	382.0	1309.0	1401.0	316.0	13.0	3.0	nan	nan
-7	19.0	100.0	568.0	983.0	1695.0	1190.0	92.0	0.0	nan	nan
-6	48.0	269.0	620.0	3203.0	10530.0	3974.0	60.0	1.0	nan	nan
-5	35.0	53.0	196.0	805.0	1183.0	536.0	13.0	2.0	nan	nan
-4	6.0	61.0	360.0	1045.0	2632.0	2584.0	81.0	0.0	nan	nan
-3	4.0	89.0	502.0	3357.0	10642.0	4182.0	30.0	0.0	nan	nan
-2	0.0	16.0	174.0	772.0	1273.0	428.0	17.0	12.0	nan	nan
-1	4.0	63.0	452.0	1056.0	2879.0	2262.0	145.0	2.0	nan	nan
0	14.0	155.0	455.0	2663.0	10134.0	3620.0	80.0	3.0	nan	nan
1	10.0	40.0	155.0	809.0	1586.0	543.0	8.0	0.0	nan	nan
2	4.0	29.0	210.0	663.0	1889.0	1655.0	13.0	1.0	nan	nan
3	12.0	86.0	381.0	1957.0	7472.0	2505.0	5.0	0.0	nan	nan
4	10.0	53.0	193.0	821.0	1037.0	296.0	1.0	1.0	nan	nan
5	5.0	44.0	229.0	433.0	1547.0	1169.0	17.0	0.0	nan	nan
6	4.0	107.0	272.0	2055.0	7206.0	2530.0	5.0	0.0	nan	nan
7	2.0	19.0	131.0	577.0	874.0	229.0	3.0	0.0	nan	nan
8	2.0	27.0	141.0	534.0	1221.0	970.0	13.0	0.0	nan	nan
9	5.0	34.0	256.0	1719.0	7932.0	2617.0	27.0	1.0	nan	nan
10	0.0	22.0	146.0	735.0	818.0	289.0	8.0	0.0	nan	nan
11	2.0	19.0	324.0	599.0	1319.0	1571.0	96.0	0.0	nan	nan
12	0.0	38.0	281.0	2015.0	7986.0	2886.0	27.0	0.0	nan	nan
13	0.0	12.0	112.0	561.0	1526.0	318.0	1.0	0.0	nan	nan
14	1.0	32.0	167.0	525.0	1188.0	1014.0	27.0	0.0	nan	nan
15	2.0	64.0	293.0	1710.0	6556.0	2309.0	5.0	0.0	nan	nan
16	12.0	30.0	94.0	492.0	1104.0	314.0	4.0	0.0	nan	nan
17	2.0	23.0	160.0	450.0	1581.0	1030.0	19.0	0.0	nan	nan
18	3.0	54.0	329.0	2164.0	8619.0	2925.0	15.0	0.0	nan	nan
19	0.0	24.0	134.0	505.0	912.0	234.0	2.0	2.0	nan	nan
20	0.0	17.0	137.0	419.0	1065.0	947.0	11.0	0.0	nan	nan
21	1.0	16.0	303.0	1877.0	7641.0	2675.0	15.0	1.0	nan	nan
22	1.0	17.0	102.0	659.0	851.0	185.0	20.0	0.0	nan	nan
23	0.0	29.0	159.0	442.0	1121.0	1016.0	43.0	0.0	nan	nan
24	2.0	56.0	372.0	2256.0	8475.0	3128.0	28.0	0.0	nan	nan
25	1.0	35.0	100.0	762.0	756.0	367.0	11.0	0.0	nan	nan
26	2.0	24.0	276.0	459.0	1057.0	1093.0	44.0	0.0	nan	nan
27	4.0	271.0	459.0	2624.0	8827.0	2608.0	23.0	3.0	nan	nan
28	7.0	34.0	154.0	681.0	748.0	231.0	9.0	0.0	nan	nan
29	0.0	38.0	313.0	470.0	1326.0	1264.0	106.0	0.0	nan	nan
30	1.0	54.0	284.0	2545.0	9529.0	2828.0	32.0	0.0	nan	nan
31	0.0	18.0	115.0	726.0	1003.0	290.0	8.0	1.0	nan	nan
32	1.0	35.0	239.0	571.0	1282.0	1025.0	47.0	2.0	nan	nan
33	4.0	42.0	342.0	1690.0	7946.0	2343.0	28.0	0.0	nan	nan
34	5.0	21.0	90.0	472.0	896.0	230.0	4.0	1.0	nan	nan
35	1.0	19.0	142.0	422.0	1192.0	1029.0	50.0	0.0	nan	nan
36	4.0	35.0	211.0	1761.0	8477.0	2968.0	20.0	0.0	nan	nan
37	1.0	16.0	101.0	452.0	1054.0	239.0	14.0	0.0	nan	nan
38	1.0	19.0	126.0	586.0	1261.0	1312.0	20.0	1.0	nan	nan
39	3.0	103.0	556.0	2459.0	10288.0	2612.0	4.0	0.0	nan	nan
40	1.0	44.0	159.0	720.0	737.0	205.0	3.0	1.0	nan	nan
41	2.0	41.0	238.0	366.0	900.0	990.0	25.0	0.0	nan	nan
42	6.0	79.0	318.0	1855.0	8037.0	3053.0	74.0	1.0	nan	nan
43	6.0	22.0	88.0	578.0	716.0	172.0	10.0	0.0	nan	nan
44	1.0	32.0	268.0	557.0	1337.0	994.0	18.0	0.0	nan	nan
45	2.0	138.0	329.0	2288.0	8334.0	2905.0	19.0	0.0	nan	nan
46	3.0	28.0	139.0	591.0	781.0	201.0	4.0	0.0	nan	nan
47	6.0	78.0	229.0	450.0	937.0	843.0	14.0	0.0	nan	nan
48	16.0	123.0	409.0	2787.0	8115.0	2355.0	15.0	5.0	nan	nan
49	7.0	27.0	116.0	466.0	659.0	145.0	8.0	2.0	nan	nan
